750 213 834 550 369
950 875
703 202 403 299 893 582 406 443 244 705
976 410 733 62 381 541 954 798 695
38 321 942 89
304 113 948 332 536 813
579 3 5 363 355 440 712
12 983 818 460 824 449 152
367 852 590 37
555 43 383
371 237 990 746 230 295 822
651 556 582 814
539 358 850 175 441
13 676 665 69 56 778 881
160 364 577 823 805 481 136 304 843 44
902 903 377 306
782 600 327 924 53 137
765 469 696 154
248 866 531 155
74
192 890 564 825 572
451 945 929
697 974 484 488 724 784 700 134 505
128
933 524
562 987 37 760 585 203 572 817 748
526 430 930 415 37 822 929
271 688 988 825 918
209 353
405
232 160 859 6 514 281 829 53
364 859 750 601 360 405
875 595 77 590 959 408 991 978 900 55
172 553 243 630 105
533
737 47 192
758 196 80 415
33 758 656
782 346 577
420 463 793 609 736
623 930 305 850 803 485 688 290 39 954
880 500 873 921 614 218 680 798 786
207 811 260 462 597 383
35 190 647
666 770 292 129 826 301 539 984 65
796 725 428 327 564
10 503 415 896 586
579 594 887 177 935 364 328
636 593 234 635 989 435 55 258
558 298 421
926 2 743
245 930 415 717 134 443 938 322 898 136
292 861 767 100 702 952 209
89 719 974 535 394 488
143 282 810 482 339 171 585 407
773 519
457 78 861 859 566 895 186 813 178
457 241
176 862 737 605 318 944 785 192
830 271 344 120
575 504 820 926 985 642 588 222 635 778
621 63 729 305 66
823 224 657 214
964 726 706 156 474 641 606 213 906 422
903 714 799 250
649 932 586 744 553 594 438 846 300
502 623 354
893 873 402 309 736 635 146 990 459 543
457 361
399 244 571
842 909 230
905 610
32 189 726 891 713 651 945
687 705 926 1 316 56 760 489 952 924
118
652
651 735 746 900 913 75
898 496 105 419 57 896 477 226 992 445
359 123 68 952 201 418
691 259 154 103 672
704 861 834 37 316
23 361 594 880 595 974 61 271
92
361 257 618 109 685 607 403
603 708 53 521 72
257 513 233 659 533 105 231 953 48 829
692
100 56 175 458
508 304 204 458 141 21 879
481 472 738 489 408 998
611 603 178 891 385 74 49 301 204 223
135 30 551 773 902 977 557 890
436 484 731 321
54 974 493 448 198 102 845 705 403
295 373 637
203 761
751 566 324 439 138 276
166 747 893
40 630
460 521 367 5 811 309 399 401
810
736 560 106
833 96 5 816 286 687
419 599 54
757 623 909 548 566
902 546 422 509 206
313 232 952 525 147 810 257 392 625 632
493
526 784 663 467 957 275 72
537 652 532 822
53 646 289 362 805 100 776 947
261 295 749 162 155 208
438 874 205 227 309 872 769 849 101 174
1000 638 550 467
366 63 111 450 195 863 774
228 57 599 287 797 329 929 82 183
943 920 398 466 412 987 560 269 815 38
921 90 611 690 840 647 668 342 935
199 205
513 924 398 847 925 936 620 129
677
886 748 61 590 383
833 477 774
625 856 924 443 850 594 14
171 833 559
718
170 33 578 121 631 257
279 244 68 387 882 871 552 982
438 507 294 644
37
330 216 292 682 322
222 580
434 737
395 596 541 657
185 318 14 189
887 856
813 867 181 317 620
347 368 102
590 846 947 614
585 611 175 399
53 139 807
567 899 405 409 85 955
186 753 840 461 544 526 476 163 267 851
235 193 686 481 418 426 34 298 158 685
419 250
670 715 991 850 967 289 228 27 979
315 279 333 461 674 916 801
708 916 176
775 476
845 313 679 749
332 62
668 271 147 710 361 218 414
30
787
615
602
479 102 326 710 435 543 32 601
277 537 493 454 130 1 672 966
694 20 93 885 183
39 991 47 27 447 810
96 895 980 864 401
767 143 675 261 655 720 326
330 600 140 492 510 48 108 170
523 802 235 251 257 608 27 89 443 881
767 255 644 584 218 945 704 485 462 820
434 238 193 199 376 655 617 783 981
434 660 826
54 428
97 38 427 719 614 579 443
633 706 185 464 834 156 828 499 594 111
85 431 323 251 649 537 711 259
894 237 679 622 573 385 762 286 592
824 670
930 616 267 401 546 722 621
579 172 403 761 605 636 921 602
526 334 170 841 342 521
772 737 361 685
633 926 108 353 496 907 378
841
957
866 541 809 569 51 227
63 789 689 856 993 677 91
874 420 968 37 783 581 481 631
294 443 987
850 644 272 51 21 698 357 238 722 803
8 801 949 715 683 789
498 576 263 261 222 349 70 466
24 631 977 841 307 337 104 143
923 846 599 720 803 150 426 505
974 148 610 21 286 817 504 382 769
508 601 188 431 542
539 745 727 454 987 28 716
13 818 608 855 369 250 902
324 616 978 683 889 597 859 69 966 907
363 468 297 900 210 929 352 164 400
56 414 924 590 634 518 387 563 90 678
184 586 15 476 348 150 146 278 498 877
77 839 431 879 421 203 679 382 947
923 975 752 259
967 68 590
316 755 887 665 362 43 65
870 249 265 48 197 57 30 710 92 1000
475 486 954 721 112 541
468 651
552 476 276 241 993 889 370 926 29
962 972 812
159 498 70 863
718
23 344 700 417
472
282 436
942 387 611 978 13 235 348 286
41 972
5
483 378 232
994 810
360 597 953 572 651 752
360 408 995 343 233 983 706 637
726 140
641 590 918 726 656 573 193
877 849 890 250 521 257 634 291 119 617
793 710 951 730 830 796 977 314 408 79
884 452
216 225 86 131 745 966 66
707
364 994 615 882 476 778 500 536
382 110 117 790 545 570 958 694 799
161 663
277 602 697
819
265 861 961 822 623 252 653
715 902 37 887 531 23 416
432 960
10 944 615 881 927 343 848
678 576 834 535 663 263 264 761 979
364 814
740 361
870 883 985 125 951 926 886 739 558 774
778 55 706
301
348 691 321 968 432 632
842 34 462 961 259 715
659 11 829 758 513 497 437 229 907
69 20 619 220 764 186 894 157
979 816 785 53 694 45 440
779 685 739 693 918
309 91 69 422 881 185
368 986
165 119
467 828
733 922
379 553 682
687 278
953 907 381 182 956 837
978 195 116 749 57 701 124 33 963 355
620 437 329 640
438 627 207
554 201 539 626 308
429 507 609
228 23
84 652 543 991 953
695 247 203 638 818 517 730
434 492 769 489 509 553 33 916
783 798 422 196
415 190
329 467 348 303 287 429 146 319 63
535 460 998
892 348 188 521 161 859 362 523
257 604 833 940
416 665 783
717 268
625 800 538 619 973 409
107 923 86 258 921 194 562
548
456 628
845
530 509 660
588 666 875 955 361 318 403 871 95
90 148 462 655 742 806 797 81 362
785
150 332 293 284 142 125
496 581 423 437 590 543 812 652 795
75 227 239 64 101 216 615 952 690 841
81 583 591 290
206
248 481 959 184 406 215 943 320
364 393 380
793 664 887 604
51 611 267 946 287 876
172 327 935 784 165 251
476 277 213 20 577
876 547 932
495 319 223 79 296 916 577 315
915 471 299 853 660 330 876 703 783
465 376 134 908 976 306 886 822 841
239 407
793 894 260 311 274 756 445 878 120 343
304 44 400
793 133 34 280 659 254
143 332
371 750 148 993 215 411 460 246 64
339 569 83 739 87 812
840 459 489 937 93 395
263 951 42 428 498 933 794 320 859 26
567 735 373 70 136 588 448 501
912 356 923 175 267 495 599 527
504 628 314 974 600 300
851 601 153 993 226
829 501 508
265 757 498
59 258 517 703 203 3
528 94 773 981 666 147
489 571 478 89 412
607 283 727
152
414
282 13 780 100 711 254 454
947 841
205 679
862 777 474 621
254 635 211 199 976 349 274 664 276 341
931 324 621
356
71 925 137 129
32 293 270 136 563 753
597 105 257 106 758 406 125 331 287
10 321 654 336 381 273 870 231
641 280 396 502 969 479
883 340 259 368
340 717 483 979 683 433 980 548
877 13 779 727
537 709 566 335 377 763 144 645 262
247 185 976 350 40 145 817 602 163
903 475 258 922 499 231 23
486 360 339 143 945 950 497 362
670 492 160 494 926 662 321 332 969 583
623 159 193 521 608 328 881
899 281 908 818 659 712 894 324 999 647
830 770 202 795 978 641 428
944 91 216 883 731 242 655 420
125 285 170
791 900 793 834
610 507 49 594 933 754 655
90 16 37 798 310 747 593 539 751 859
6 553 325
192 670 408 682 796 13
626 14 531 821 975 1 771 838
485 413 368 432 241 158 104 773 759
904
521 786 401 947
472 607 977 30 537 246
288 72 801
170 666 427 596 860 142
997 764 140 808 976 423 834 248 516 788
562 900 953 412 886 860 703 797
300 750 289 245 934 592
132 908 916 451 202 965 199 13 229 301
442 786
254 897 604 270 45 673 10 595
426 594 901 685
225 926 69 475 916
95 333 203 936 153 838
655 264 967
752 319 894 794 167 599 62 738 459
210 64 440 408 217 256 768
656
437
835 209 457 385 139 265 502 675 171
186 197 28 929 991
961 340 432 505 198 293 585
606 864
881
412 18 236 979 305 190 272 35
569 283 20
113 159 286
978 859 280 328 768 791 926 951 398 361
918
805 2
937 545 346 674 218 953 418 354 620
181
310 237
175 601 681 724 784 118 699 519 155
251 719 502 307 679 488
726 48 990 689 37
887 663
511 982 304 808 644 184
554 653 911 85 562
657 909 218 886 189 284 296
728 290 875 641
361
378 741
587 637 856 258 158 65 465 709 676
807 264 349 823 572 481 425 335 291 138
530 35 811 53 230 637 280 625 116 200
253 703 81 903 887
836 167 501 860
366 230 334 510 562 897 40 623 525 748
219 801 612 676 777 253 142 454
419 940 216
10 668 63 802
383 321 454 933 931 800 250
770 914 816
531 747 128 736 203 355 877 861
312 747 501 812 758 115
719 965 796 501 988 138 753 337
930 428 746 913 339 70 570 894
688 547 212 454 821 100 712 883
270 77 26 680 68 616 6
636 853 129 946 749 362 815 809 595
910 293 370 995 328
654 135 202
697 995 986 130 743 679
733 719 302 275
785 232 534 294 249 368 377 806 803 486
310 431 772 155 580 572 325 8 146 642
720 911 798 137 761 60 844 689
259 790 87 773 25
204 610 871
844
795
668 904 815 317 741 697 953
415 34
462 238 740 777
790 524 626 890 183
5 869 967 428 645 418
109
15 184 422 983 410 169
397 23 535 686 866 709
82 401 819 683 575 427 784 656 448 129
726 153 41 351 703 166 984
407
996 207 898 739
181 410 393 644 839
519
459 324 635 951 805 891 50 230
640 860 313 135 934 422
183 159 967 389 742 843
765 586 55 721
50 792 169
773 916 973 911 893 403 777
627 135 598 298 937 187 37 977 74
784 20 838 667 125 958
385 882 491 729 394
307 400 974 793 523 522 580 181 756
62 537 196 366 382 144 130
463 434
501
672 741 498 682
942 808 875
70
186 238 92 914 971 615 382 202
778 517 380 616 274 724 804 829
281 590 242 506 602 794 740 463 20
575 407 518 935
778 899 533 984 950
817 102 213 722 375 485 582 98 310 641
702 386 357 772
38 34
628 103 598 42 522 440
875 367 707
785 148 342 146 559 651 983
171 443 61 524 541 390
489 352 336 975 522 72 410 659
79 347 215 146 44 479
564 442 667 669 887 341 982 955 148 58
637 67
360
588 779 644 158
970 898 940 251 311 500
835 716 147 732 756 334 937
735 399 37 343 68 820 461 639 914 631
322 528 739 186
547 295
536
231 906 822 589 55 533
150 73 754 226
637 585 215 68 660 132 603 417
807
234 568 313 715 869
279 895 554 897 952 694 202 614 495 656
319 869 694 849 145 297 117
608 929 626 1 121 214 416
121 996 804 561 204
684
381
277 912 973 704 795 817
320 715 251 692 75 886
90 500 997 133 984
579 182 362 224 398 440 750 309 859 89
515 830 621 161
610 612 800 193
424 396 494 352 634 933
356 338
70 788 269 410 632 927
75 297 873 408 326 350
365 906
192 430 659 505 779 350 711 490 774
254 741 273 455 594 849 476 613 211
309 29 925 317 477 404
226 268 481 484 774 492 374 695 487
152 776 569 377 948 775 58
501 648 61 810 388 73 839 168
53
392 671 428 814 268 731
991 667 993 920 109 775 615 701
40 881 491 261 259 295 522 572 689 334
834 526 187 926 316 288 176 701 55
826 613
641 319 794
271 432 494 473 716 296 904
174 890 977
914 186 55
376 642 696 365 385
170 928 998 101
438 540 876 74 144
395 485 955
977 544 249 470 556 153 218
624 607 474 688 630 635 154
939
729
628 411 697 638
757 156 556 716 54 117 539 120
525 253 265 888 507 355 698 431 577
273 514 903 208 963 299 794 492 851 345
419 41 731 756 380 850 712 192 891
243 485 760
960 872
404 650 977 685 642
424 960 122 413 16 37 455
996 288 622
149 344 771 389
96 681 249 678 256 777 648 989 12 586
706 196 766
128 71 721 277 909 851 315 912 287 345
698 682 337 905 261 907 231
250 284 260 665 817 20 217 379 501 12
526 63 344 577 674
626 867
962 211 198 354
862 355 953 791 581 364
445 623 595 459 107 290 903
900 597 237 822 575 725 780
182 763 154 608 991 58 814 64
536 794
868 137 372 518 399 850 992 642 840
702 181
583 606
842 433
875 622 474 680 318 538 315 506
660 165 260 48 771
674 522 884 458 346 653 480
133 817
974 101 450 673 28 936
268 863 840 545 425 241 109 723
855 298 535 541 11 231 986
100 440 453 168 439 33 228 153 720
262 60
982 384 501 65 289 118 974 47
409 304
848 190 762 331 184 336 939 691 495 993
75 33 953 902 537
300 463 957
10 375 402
931 327
90 542 846 801 341 350 909 168 971 211
66
242 31 943 269 75 899 265 547 131
512 807 566 658 156 339 598 146 659 28
305 312 756 546 935 140 118 973
859 202 106 501 40 591
557 847
974 215 471 123 714 375 807 411
292 847
853 412 220 8 62 253 705
672 778 785 292
511 450 871 170 902 656 835
843 846 794 888 435 695 507 350 886
32 733 406 818 790
587 561 374 583
458 121 105
812 469 486 22 577 461 822 761
789 91
791 254 525 665 808
656 630 121 437 41 471
566 190 766 178
906 756 102 439 761 165 236
875 445
866 628
652 506 517 406
542 329 445 469 602 608 300 794
377 270 829
996 286 565 622 937 223
576 333 752
616 346
881 601 553 760
485 630 590 901 821 338 952 797
387
508 299 763
54 46 914 520 37 178 930
344 479 299 864 716
926 287 652 964 55 509 556 884
856 556 984 85 241
503
849 348 968 116 476
999
987 547 662 516 451 634 609
355 747 678 736
899 121 539 425 563 77 755 632 23 618
936 474 571 623 558 522
49 905 387
278 577 806 219
634 237
465 356 597
896 207 330 159 828 578 812 905 469
675 565 307 242 958 467 518
854 308 908 718 870 940
422 239 758 443 123 493 638 187 147
801 18 661 853
556 690 847 327 415 494 659 199 197 686
566 429 290 892 467 840
600
295 478 772 484 285 638 731 573
986 244 125 828 114 830 606 300
155 217 70 385 388 938
505 715 959 64 735 967 387 741 381 980
478 686 334 676 96 779 71 332 837 643
628 342 735 904 483 314 281 705 745
863 765 481 726 282 105 639 798 516 123
227 667 792 681 194 53
242 403 421 445
581 857 242 715 509 166 320 346
754 293 229 209 902
731 866 755 950 562 992 393 912
710 685 1 357 518
89 642
513 75 458
318 422 870
338 213 9 683 758
390 88 774 502 725 367 185 859 357 496
599
488 706
186
180 143
665
371 588 649 870 5 255 782 385
359 765 37 306 207 441 418 180
108 597 572 344
938 381 644 731 73 256 301
291 473 517 793 643 416 149
166 950 297 495 27 381 944
730 996 547 468 992 466 931 91 557 840
941 900 365 139 187 466 409
241 346
502
986 636 895 98 260 51 77
962 392 7 381 327 546 759 417 739
326 680 397
969 709 598 73
784 232 406 342 325 857 287 802 577 658
188 175 803 735 474 336 233 739
253 560 600 811 56 765 127
24 883 279 406 840 884 103 331
578 666
536 856 285 198 708 723 586 406 148
782 126 824 993 591
25 425 157 405 241 897 830 761
720 117 730
859 901 454
8 182 986 790 811 395 571
826 874 270 183 425 298 915 447 646 877
684 723 912 702 534 630
491
172 819
481 56 46 185
983 554 128 156 867
558 244 656 4 282 262 891 610
263 855 196 256 457 742 228 686
374 283 237 741
169 525 951 663 733 589
992
472 610 857 116 341 597 347 864 886
187 304 68
235 784 65 563
31
519
895 583 751 165 102 829
864 72 787 53 870 717 575 15 199
853 270 311 260 493 80 129 254 910
613 55 588 377 148 968
294 118 208 388 455 261 324 199
429 540 884 8 726
503 628 153 990 963
591 588 225 677 93
390 727 840 478 586 375 122
281 769 775 937 483 515 807
215 659 94
628 193 946
108 719 49 595
861 919 817 173
438 537 996 435 192 669 724 242 268
549 752 745 695 983 935 759 936 686
31 49 304
79 295 879 936 580 516 441 268 419
714 630
754 164
433 585 844 769
865 625
275 350 359 641 680 268 691 805
932 773 888 835 586
441 105 846 433
768 7 158 502 52 372 171 230 412
516 362 883 334 140 445 529
968 9 50 732 614
274
699 975 843 739
107 101 479 571 714 524 406 346 502 108
715 321 470 613
269 828 472 72 564
586 869 128 575 241 41 166 807
425 459 497 338 390 52 286 735 346
869 794 766 371 561 121
423 1000 939 145 184 276 530 687 92 200
237 356 328
40
733 188
864 17 817 71 831 742 937 497 877
795 328 780 213 872 361 625 686 645
185 306
962 641 469 346 58 448 275 283 499 733
266 656 251 12 69 87 598 293
639 766 186 789
105 907
718 891 206 235 424
758 187 32 248 23 68 757 186
826 155 80
101 668 401 243 431 24 615
451 276 397 986 515 522 437 804 327 305
558 914 890 197 595
74
492 105 606 870 183 91 714 422 932 182
41 402 958
751 527 180 704 830 741 330 484 357
32 80 642
785 938 497 219 206 722 907 574 507 480
342 788 172 274 916 50 691 592
631 909 105
41
35 857 581 921 332
859 584 861
228 729 637 98 410 284 169
81 970 340 809 175 771 337 316 522
479 327 244 606 236
401
779 902 45 162 741 514 42 724 238
453 561 83 71 711 386 631 813 478
220
192 439 785 248 772 960 327 583 150
374 776 990 560 592 902 38 318 680
873 599 395 295 365 482
992 643
204
567 308
331
907 616
929 220 782 974 349 482 589 848 228 520
54 219 831 972 402 100 967 212 106 276
898 693 952 941
98 599 76 45 356 342
389 916 686 984
4 94 667 660
17 300 659 547 106 943
91 936 364 88 750 325 160
167 977 522 45 839
759
766
99 385 355 787 614 678 305
556 886
996 288 209 737
350 254 975 174 667 2 356 4
974 702 621
756 742 838 422 527
564 140 344 613 187 68 308 118 835 578
709
361 255 290 979 748
28 916
808 900 171 693 793 614 531 921
42 323 748 384 408 803 103 38 842
116 409 181 626 910 900 206 651 676 631
299 569 93 391 444 894
112 492 883 171 415 558
539 92
541 967 332 609
903 541 824 15 735 868 593 930 603
186 396 874 54 412 154 713 712 871
443 886 933 976
994 468 883 179 333 410 315 591
806
886 356 522
669 459 111 774 237 218 955 798 901
466
744 799 382 367 693
131 248 722
934 799 297
163 699 231
493
446 734 391 409 771 352 625 651
4 943 856 897 280
291 910 700
427 313 733 936 22 250 519 184
444 569 281 128 527 567 241 142 226
420 328 339 626 326 501 627 239 48
937 696 925 191 647 20 991 815
373
739 540 223 354 938 671 827 850 437
928 777
449 878 227 690 273 921 840
999 187 199 408 464 709 435 138
756 815 179 20
692 141 780 34 595 343 464 984 891 398
614 893 809 286 8 41 215 563 807
142 102 326 273 49 33
421 534 636 336 228 422
547 219 909 391 256 226 476 641 475 534
671 980 390
612 362 40 760 644 23 540 812
528 892 766 215
654
317 659 527 385 879 86 61
619 750 464 938 974 824 384 104 893 834
171
9 844 557 355 937
340 524 483 632 910 775 431 628 207
126 980 556 537
138 895 254 440 195 461 719 6
377 188 279 789
688 212 139 311
614 901
997 738 938 943 49 85 610 135 972
959 180
942
904 603 600 209 906 133 351 793 147 658
680 198 2 142 866 930 473 827
137 654 393 525 917 55 983 294 17 735
1 15 53 738 735 236 327 14
420 909 906 647
291 450 144
462 482
434 565 617 723 211 246
204
352 491 649 294 646 954 97 731 570 575
174 910 517 241 440
7 963 120 261 402
820 838 913 529 607 992 948 217 188 186
861 231
882 273 603 178 352 666 8
180 542 901
637 88 47 453 512
646 543 885 953 499 286
226 798 965 660 484 639
975 355
241 621 541 80 339 413 138 202 389
155 212
918 78 974 229 787 716 379 475 82 458
451 362 692 42 983 412
457 696 213 190 377 167 962 455 339 697
431 897
923 36 900 531
253 682 782 523 530 552 562 235 856 144
511
8 403 713 141 94 31 588 653
686 114 75 431 539
810 193 606 618
21 679 775 520 963 216 585 121 863
626 268 133 723 175 577
416 43 867 494
667 345 734 133 161 222 742 534
638 80 473 844 374 456 719 796
72
475 722 392 170 686 528 298 861 484 202
778 931 39 227 945 9 868
289 109 284 720 337 305 951 225
627 643 748 208 616 954 581 92 194 108
192 314 753 197 948 172 951 35 780 915
862 262 575 714 685 844 82 197 859 818
416 425 806 86 376 286 882 344 962 893
672 550 18 202 986 407 459 482 632
762 656 175 178 264 922 675 947 8 310
515 528
503 319 720 147 778 292 398 967 844 479
742 35 880 435 598 442 745
253 517
871 182 367 686
482 901 353
7 399 452 942 349 929 38 432
490 986
408 947 472 461 697 344 612 266 339 726
791 525 789
295 311
249
645 176 484 958 552 1 16 966 296 420
866 145 135 852 524 968
960
621 74 488 168 624 591 546 347 154 681
601 940 465 792 724
607 978 454 807 279 985 691 744 488
338 768 44 669 123 317
899 429 760 250 598 494 601 5
492 856 872 476 643
246 58 60 203 478 394 411 606 800
300
492 680 637 581
651 84 826 415 700 328 750 313
504 980 576 393 219 127 544
74 522
576 947 123 945 771
75 341 476 467
788 396
883 555 464 740 454 516 707 566
521 520
587 541 780 161 8
648 712 611 375
834 740 589 372 395 701 823 803 727
391 824 789 689
854 599
148 113 861 326 131 866 809 360
158 306
267 555 593 594 269
672 926 320 694 579 884 145 697 562 843
691 299 416 527 506 179 155 392 802 820
218 900 62 866 729 5 215 247 898
385 311 173
485 818 153 386 497
924 124
273 23 157 570 162 734 236 802 165
212 93 689 547 69 71 589 780
295 24 581 874 982 182 377
479 970 641 354 617 601 738
289 604
185 478 507 321
481 495 898 342 126 825
499 844 823 875
314 778
608 48 134 721 33 852 320 909
888 836 880 567 172
275 507 255 225 760 160 508 696 595
116 421 565 150 722
503 153 397 492 966 322 371 300
771 168 580 814 413 842
45 861 915 750 339 393 785
48 979 2 672 282 325
729 236 809 352 198
968 135 670 388 811 144 951
45 754 694 175
32 588 909 14 47 647
291
387 929 976 657 99 2
294 545 111 195 795 745
781 847 583 551 38 631 1000
771 950 145 528 952 581 234 603 438 958
274 185
979 215 149 476 185 280
397 231 103 229 831 198
706 910 613 217 40 435 210
343 667 203 712 956 701 534 860 743 307
214 374 158 334 598
489 908 187 764 808 312 805 747 883 434
882 33 792 956 883 397 263 697 766
182 90 803 926 210
907
738 865 890 924
557 311
653 746 170 910 882 839 688 951
80 832 719 875 848 727 579 141 704 729
399 351 525 715 328 2 641 831 101 522
497 706 71 858 394
722 294 686 54 809 668
29 291 750 477 630 407
70 990 756 306 580 654 553
926 817
297 739 347 919 395 991 984 150
997 340 516 20
576
865
66 237 693 204 414 19 154 213 844 938
109
316 583 701 365 466 719
898 142 118 714 958 661 222 911
150 340 17 501 311 809
829 625 417 380
251 12 803 180 713 207 205 110 909 924
500 14 882
48 925 261 231 12 98 740 968
870 655
996 77 298 850 936 424 473 53 998
354 884 661 331 698 866 485 196 523
260 694 883 608 500 129
738 994 75 880 406
906 930
576
307 513 156 886 269 42 882 362 210