




























58 31
30 32
31 33
32 34
33 35
63 34 36
35 37
36 38
37 39
38 40
39 41
69 40


72 45
44 46
45 47
46 48
47 49
48 50
78 49 51
50 52
51 53
52 54
53 55
83 54


30 86




35 91





41 97


44 100





50 106




55 111


58 114




63 119





69 125


72 128





78 134




83 139


86 142




91 147





97 153


100 156





106 162




111 167


114 170 143
142 144
143 145
144 146
145 147
119 175 146 148
147 149
148 150
178 149 151
150 152
151 153
125 152 154
153 155
154 156
128 155 157
156 158
157 159
187 158 160
159 161
160 162
134 190 161 163
162 164
163 165
164 166
165 167
139 195 166


142 198




147 203


150 206








159 215


162 218




167 223


170 226




175 231


178 234








187 243


190 246




195 251


198 227
226 228
227 229
228 230
229 231
203 259 230


206 235
234 236
235 237
265 236


268 241
240 242
241 243
215 242


218 274 247
246 248
247 249
248 250
249 251
223 250







231 287





237 293


240 296





246 302












259 315





265 321


268 324





274 330












287 343


346 319
318 320
319 321
293 320 322
350 321 323
351 322 324
296 323 325
324 326
325 327
355 326


302 358












315 371


318 374



322 378 351
323 379 350



327 383


330 386












343 399


346 402

404 377
405 376 378
350 406 377 379
351 407 378 380
408 379 381
409 380

355 411


358 414






394 420
393 395
394 396
395 397
396 398
397 399
371 427 398 400
399 401
400 402
374 430 401

376 432 405
377 433 404 406
378 434 405 407
379 435 406 408
380 436 407 409
381 437 408

383 439 412
411 413
412 414
386 442 413 415
414 416
415 417
416 418
417 419
418 420
419 393






399 455


402 458

404 433
405 432 434
406 433 435
407 434 436
408 435 437
409 436

411 467


414 470












427 483


430 486








439 495


442 498












455 511


458 514 487
486 488
487 489
488 490
489 491
490 492
491 493
492 494
493 495
467 523 494


470 526












483 539


486 542








495 551


498 554












511 567


514 570








523 579


526 582







590 563
562 564
563 565
564 566
565 567
539 595 566 568
567 569
568 570
542 569 571
570 572
571 573
601 572


604 577
576 578
577 579
551 578 580
579 581
580 582
554 610 581 583
582 584
583 585
584 586
585 587
615 586


562 618




567 623





573 629


576 632





582 638




587 643


590 646




595 651





601 657


604 660





610 666




615 671


618 647
646 648
676 647


623 679 652
651 653
652 654
682 653 655
654 656
655 657
629 656 658
657 659
658 660
632 659 661
660 662
661 663
691 662 664
663 665
664 666
638 694 665


697 670
669 671
643 670




648 704


651 707


654 710








663 719


666 722


669 725






676 732


679 735


682 738








691 747


694 750


697 753






704 760


707 763


710 739
738 740
739 741
769 740


772 745
744 746
745 747
719 746


722 778


725 781




786 759
758 760
732 759 761
760 762
761 763
735 762





741 797


744 800





750 779
778 780
779 781
753 780 782
781 783
811 782


758 814










769 825


772 828










783 839


786 815
814 816
815 817
816 818
817 819
818 820
819 821
820 822
821 823
822 824
823 825
797 824 826
825 827
826 828
800 827 829
828 830
829 831
830 832
831 833
832 834
833 835
834 836
835 837
836 838
837 839
811 838





























