3 11 14 21 43 69 91
4 28 30
1 76 97
2 8 35 53 79
10 31 43 97
15 23 26 40 50 65
18 27 66
4 21 53 65
63 72 97
5 20 38 64
1 23 33 62 80 93 100
13 28
12 17 25 31 57 60 66 76 77 85
1
6 43 94 100
28 38 45 66 74 87 89
13 43 59
7 28 80 81
48 86
10 32 46 49
1 8 39 68
28 86 93
6 11 38 39 55 58 61
51
13 29 38 46 48 52 79 88 93 98
6 53 73 82
7
2 12 16 18 22 30 37 49 82
25 62 73 89
2 28 82
5 13 33 40 60 65 84
20 66 69
11 31 49 67 97
44 51
4 38 48 56 67 75 81 88
76 91 99
28 71 94
10 16 23 25 35 61 75 85
21 23
6 31 50 55 62 91
45 66 69 73
60
1 5 15 17 60 73 76
34 56 60 64 92 97
16 41 59 66 97
20 25 51 99
73 98
19 25 35
20 28 33 50 62 81
6 40 49 88
24 34 46 58 66 93
25 80
4 8 26 76 99
55 92 98
23 40 54 94 95 99
35 44 63 94
13 64 87
23 51 83 91
17 45 65 70 72
13 31 42 43 44 73 83
23 38 75 100
11 29 40 49
9 56 77
10 44 57 80 91
6 8 31 59 70 96
7 13 16 32 41 45 51 67 71 75
33 35 66 70 71
21 72 82 98 99
1 32 41
59 65 67 83 87
37 66 67
9 59 68 76
26 29 41 43 47 60
16 77 85
35 38 61 66 93 97
3 13 36 43 53 72 90
13 63 74 91 98
88 92
4 25 81 84 91 97
11 18 52 64 91
18 35 49 79 89
26 28 30 68
58 60 70
31 79
13 38 74 92 94
19 22 95
16 57 70 95
25 35 50 78 91
16 29 81
76
1 36 40 58 64 77 79 80 88
44 54 78 85
11 22 25 51 75
15 37 55 56 85
55 86 87 98
65
3 5 9 33 44 45 75 79
25 47 54 68 77 95
36 46 53 55 68
11 15 61
